11
@
14
@
11
@
11-0-0-0#11-1-0-1#11-2-0-2#11-3-0-3#11-4-0-4#11-5-0-5#11-6-0-6#11-7-0-7#11-8-0-8#11-9-0-9#11-10-0-10#
11-11-1-0#11-12-1-1#11-13-1-2#11-14-1-3#11-15-1-4#11-16-1-5#11-17-1-6#11-18-1-7#11-19-1-8#11-20-1-9#11-21-1-10#
11-22-2-0#11-23-2-1#11-24-2-2#11-25-2-3#11-26-2-4#11-27-2-5#11-28-2-6#11-29-2-7#11-30-2-8#11-31-2-9#11-32-2-10#
11-33-3-0#11-34-3-1#11-35-3-2#11-36-3-3#11-37-3-4#11-38-3-5#11-39-3-6#11-40-3-7#11-41-3-8#11-42-3-9#11-43-3-10#
11-44-4-0#11-45-4-1#11-46-4-2#11-47-4-3#11-48-4-4#11-49-4-5#11-50-4-6#11-51-4-7#11-52-4-8#11-53-4-9#11-54-4-10#
11-55-5-0#11-56-5-1#11-57-5-2#11-58-5-3#11-59-5-4#11-60-5-5#11-61-5-6#11-62-5-7#11-63-5-8#11-64-5-9#11-65-5-10#
11-66-6-0#11-67-6-1#11-68-6-2#11-69-6-3#11-70-6-4#11-71-6-5#11-72-6-6#11-73-6-7#11-74-6-8#11-75-6-9#11-76-6-10#
11-77-7-0#11-78-7-1#11-79-7-2#11-80-7-3#11-81-7-4#11-82-7-5#11-83-7-6#11-84-7-7#11-85-7-8#11-86-7-9#11-87-7-10#
11-88-8-0#11-89-8-1#11-90-8-2#11-91-8-3#11-92-8-4#11-93-8-5#11-94-8-6#11-95-8-7#11-96-8-8#11-97-8-9#11-98-8-10#
11-99-9-0#11-100-9-1#11-101-9-2#11-102-9-3#11-103-9-4#11-104-9-5#11-105-9-6#11-106-9-7#11-107-9-8#11-108-9-9#11-109-9-10#
11-110-10-0#11-111-10-1#11-112-10-2#11-113-10-3#11-114-10-4#11-115-10-5#11-116-10-6#11-117-10-7#11-118-10-8#11-119-10-9#11-120-10-10#
11-121-11-0#11-122-11-1#11-123-11-2#11-124-11-3#11-125-11-4#11-126-11-5#11-127-11-6#11-128-11-7#11-129-11-8#11-130-11-9#11-131-11-10#
11-132-12-0#11-133-12-1#11-134-12-2#11-135-12-3#11-136-12-4#11-137-12-5#11-138-12-6#11-139-12-7#11-140-12-8#11-141-12-9#11-142-12-10#
11-143-13-0#11-144-13-1#11-145-13-2#11-146-13-3#11-147-13-4#11-148-13-5#11-149-13-6#11-150-13-7#11-151-13-8#11-152-13-9#11-153-13-10
@
11111111111
11111111111
11111111111
11110001111
11110011111
11110011111
11110000001
10000000000
10000000000
11111001111
11111001111
11000000001
00000000000
00000000000
@
0 1 2 3 4 5 6 7 8 9 10#
11 12 13 14 15 16 17 18 19 20 21#
22 23 24 25 26 27 28 29 30 31 32#
33 34 35 36 37 38 39 40 41 42 43#
44 45 46 47 48 49 50 51 52 53 54#
55 56 57 58 59 60 61 62 63 64 65#
66 67 68 69 70 71 72 73 74 75 76#
77 78 79 80 81 82 83 84 85 86 87#
88 89 90 91 92 93 94 95 96 97 98#
99 100 101 102 103 104 105 106 107 108 109#
110 111 112 113 114 115 116 117 118 119 120#
121 122 123 124 125 126 127 128 129 130 131#
132 133 134 135 136 137 138 139 140 141 142#
143 144 145 146 147 148 149 150 151 152 153
@
5-8
@
5-3-m1002
@
5-4#7
@
5-3#4