11
@
14
@
3
@
3-0-0-0#3-1-0-1#3-2-0-2#3-3-0-3#3-4-0-4#3-5-0-5#3-6-0-6#3-7-0-7#3-8-0-8#3-9-0-9#3-10-0-10#
3-11-1-0#3-12-1-1#3-13-1-2#3-14-1-3#3-15-1-4#3-16-1-5#3-17-1-6#3-18-1-7#3-19-1-8#3-20-1-9#3-21-1-10#
3-22-2-0#3-23-2-1#3-24-2-2#3-25-2-3#3-26-2-4#3-27-2-5#3-28-2-6#3-29-2-7#3-30-2-8#3-31-2-9#3-32-2-10#
3-33-3-0#3-34-3-1#3-35-3-2#3-36-3-3#3-37-3-4#3-38-3-5#3-39-3-6#3-40-3-7#3-41-3-8#3-42-3-9#3-43-3-10#
3-44-4-0#3-45-4-1#3-46-4-2#3-47-4-3#3-48-4-4#3-49-4-5#3-50-4-6#3-51-4-7#3-52-4-8#3-53-4-9#3-54-4-10#
3-55-5-0#3-56-5-1#3-57-5-2#3-58-5-3#3-59-5-4#3-60-5-5#3-61-5-6#3-62-5-7#3-63-5-8#3-64-5-9#3-65-5-10#
3-66-6-0#3-67-6-1#3-68-6-2#3-69-6-3#3-70-6-4#3-71-6-5#3-72-6-6#3-73-6-7#3-74-6-8#3-75-6-9#3-76-6-10#
3-77-7-0#3-78-7-1#3-79-7-2#3-80-7-3#3-81-7-4#3-82-7-5#3-83-7-6#3-84-7-7#3-85-7-8#3-86-7-9#3-87-7-10#
3-88-8-0#3-89-8-1#3-90-8-2#3-91-8-3#3-92-8-4#3-93-8-5#3-94-8-6#3-95-8-7#3-96-8-8#3-97-8-9#3-98-8-10#
3-99-9-0#3-100-9-1#3-101-9-2#3-102-9-3#3-103-9-4#3-104-9-5#3-105-9-6#3-106-9-7#3-107-9-8#3-108-9-9#3-109-9-10#
3-110-10-0#3-111-10-1#3-112-10-2#3-113-10-3#3-114-10-4#3-115-10-5#3-116-10-6#3-117-10-7#3-118-10-8#3-119-10-9#3-120-10-10#
3-121-11-0#3-122-11-1#3-123-11-2#3-124-11-3#3-125-11-4#3-126-11-5#3-127-11-6#3-128-11-7#3-129-11-8#3-130-11-9#3-131-11-10#
3-132-12-0#3-133-12-1#3-134-12-2#3-135-12-3#3-136-12-4#3-137-12-5#3-138-12-6#3-139-12-7#3-140-12-8#3-141-12-9#3-142-12-10#
3-143-13-0#3-144-13-1#3-145-13-2#3-146-13-3#3-147-13-4#3-148-13-5#3-149-13-6#3-150-13-7#3-151-13-8#3-152-13-9#3-153-13-10
@
11111111111
11111111111
11111111111
11110001111
11110011111
11110011111
11110000001
10000000000
10000000000
11111001111
11111001111
11000000001
00000000000
00000000000
@
0 1 2 3 4 5 6 7 8 9 10#
11 12 13 14 15 16 17 18 19 20 21#
22 23 24 25 26 27 28 29 30 31 32#
33 34 35 36 37 38 39 40 41 42 43#
44 45 46 47 48 49 50 51 52 53 54#
55 56 57 58 59 60 61 62 63 64 65#
66 67 68 69 70 71 72 73 74 75 76#
77 78 79 80 81 82 83 84 85 86 87#
88 89 90 91 92 93 94 95 96 97 98#
99 100 101 102 103 104 105 106 107 108 109#
110 111 112 113 114 115 116 117 118 119 120#
121 122 123 124 125 126 127 128 129 130 131#
132 133 134 135 136 137 138 139 140 141 142#
143 144 145 146 147 148 149 150 151 152 153
@
5-12
@
5-3-m1
@
no
@
no