17
@
21
@
1
@
1-0-0-0#1-1-0-1#1-2-0-2#1-3-0-3#1-4-0-4#1-5-0-5#1-6-0-6#1-7-0-7#1-8-0-8#1-9-0-9#1-10-0-10#1-11-0-11#1-12-0-12#1-13-0-13#1-14-0-14#1-15-0-15#1-16-0-16#
1-17-1-0#1-18-1-1#1-19-1-2#1-20-1-3#1-21-1-4#1-22-1-5#1-23-1-6#1-24-1-7#1-25-1-8#1-26-1-9#1-27-1-10#1-28-1-11#1-29-1-12#1-30-1-13#1-31-1-14#1-32-1-15#1-33-1-16#
1-34-2-0#1-35-2-1#1-36-2-2#1-37-2-3#1-38-2-4#1-39-2-5#1-40-2-6#1-41-2-7#1-42-2-8#1-43-2-9#1-44-2-10#1-45-2-11#1-46-2-12#1-47-2-13#1-48-2-14#1-49-2-15#1-50-2-16#
1-51-3-0#1-52-3-1#1-53-3-2#1-54-3-3#1-55-3-4#1-56-3-5#1-57-3-6#1-58-3-7#1-59-3-8#1-60-3-9#1-61-3-10#1-62-3-11#1-63-3-12#1-64-3-13#1-65-3-14#1-66-3-15#1-67-3-16#
1-68-4-0#1-69-4-1#1-70-4-2#1-71-4-3#1-72-4-4#1-73-4-5#1-74-4-6#1-75-4-7#1-76-4-8#1-77-4-9#1-78-4-10#1-79-4-11#1-80-4-12#1-81-4-13#1-82-4-14#1-83-4-15#1-84-4-16#
1-85-5-0#1-86-5-1#1-87-5-2#1-88-5-3#1-89-5-4#1-90-5-5#1-91-5-6#1-92-5-7#1-93-5-8#1-94-5-9#1-95-5-10#1-96-5-11#1-97-5-12#1-98-5-13#1-99-5-14#1-100-5-15#1-101-5-16#
1-102-6-0#1-103-6-1#1-104-6-2#1-105-6-3#1-106-6-4#1-107-6-5#1-108-6-6#1-109-6-7#1-110-6-8#1-111-6-9#1-112-6-10#1-113-6-11#1-114-6-12#1-115-6-13#1-116-6-14#1-117-6-15#1-118-6-16#
1-119-7-0#1-120-7-1#1-121-7-2#1-122-7-3#1-123-7-4#1-124-7-5#1-125-7-6#1-126-7-7#1-127-7-8#1-128-7-9#1-129-7-10#1-130-7-11#1-131-7-12#1-132-7-13#1-133-7-14#1-134-7-15#1-135-7-16#
1-136-8-0#1-137-8-1#1-138-8-2#1-139-8-3#1-140-8-4#1-141-8-5#1-142-8-6#1-143-8-7#1-144-8-8#1-145-8-9#1-146-8-10#1-147-8-11#1-148-8-12#1-149-8-13#1-150-8-14#1-151-8-15#1-152-8-16#
1-153-9-0#1-154-9-1#1-155-9-2#1-156-9-3#1-157-9-4#1-158-9-5#1-159-9-6#1-160-9-7#1-161-9-8#1-162-9-9#1-163-9-10#1-164-9-11#1-165-9-12#1-166-9-13#1-167-9-14#1-168-9-15#1-169-9-16#
1-170-10-0#1-171-10-1#1-172-10-2#1-173-10-3#1-174-10-4#1-175-10-5#1-176-10-6#1-177-10-7#1-178-10-8#1-179-10-9#1-180-10-10#1-181-10-11#1-182-10-12#1-183-10-13#1-184-10-14#1-185-10-15#1-186-10-16#
1-187-11-0#1-188-11-1#1-189-11-2#1-190-11-3#1-191-11-4#1-192-11-5#1-193-11-6#1-194-11-7#1-195-11-8#1-196-11-9#1-197-11-10#1-198-11-11#1-199-11-12#1-200-11-13#1-201-11-14#1-202-11-15#1-203-11-16#
1-204-12-0#1-205-12-1#1-206-12-2#1-207-12-3#1-208-12-4#1-209-12-5#1-210-12-6#1-211-12-7#1-212-12-8#1-213-12-9#1-214-12-10#1-215-12-11#1-216-12-12#1-217-12-13#1-218-12-14#1-219-12-15#1-220-12-16#
1-221-13-0#1-222-13-1#1-223-13-2#1-224-13-3#1-225-13-4#1-226-13-5#1-227-13-6#1-228-13-7#1-229-13-8#1-230-13-9#1-231-13-10#1-232-13-11#1-233-13-12#1-234-13-13#1-235-13-14#1-236-13-15#1-237-13-16#
1-238-14-0#1-239-14-1#1-240-14-2#1-241-14-3#1-242-14-4#1-243-14-5#1-244-14-6#1-245-14-7#1-246-14-8#1-247-14-9#1-248-14-10#1-249-14-11#1-250-14-12#1-251-14-13#1-252-14-14#1-253-14-15#1-254-14-16#
1-255-15-0#1-256-15-1#1-257-15-2#1-258-15-3#1-259-15-4#1-260-15-5#1-261-15-6#1-262-15-7#1-263-15-8#1-264-15-9#1-265-15-10#1-266-15-11#1-267-15-12#1-268-15-13#1-269-15-14#1-270-15-15#1-271-15-16#
1-272-16-0#1-273-16-1#1-274-16-2#1-275-16-3#1-276-16-4#1-277-16-5#1-278-16-6#1-279-16-7#1-280-16-8#1-281-16-9#1-282-16-10#1-283-16-11#1-284-16-12#1-285-16-13#1-286-16-14#1-287-16-15#1-288-16-16#
1-289-17-0#1-290-17-1#1-291-17-2#1-292-17-3#1-293-17-4#1-294-17-5#1-295-17-6#1-296-17-7#1-297-17-8#1-298-17-9#1-299-17-10#1-300-17-11#1-301-17-12#1-302-17-13#1-303-17-14#1-304-17-15#1-305-17-16#
1-306-18-0#1-307-18-1#1-308-18-2#1-309-18-3#1-310-18-4#1-311-18-5#1-312-18-6#1-313-18-7#1-314-18-8#1-315-18-9#1-316-18-10#1-317-18-11#1-318-18-12#1-319-18-13#1-320-18-14#1-321-18-15#1-322-18-16#
1-323-19-0#1-324-19-1#1-325-19-2#1-326-19-3#1-327-19-4#1-328-19-5#1-329-19-6#1-330-19-7#1-331-19-8#1-332-19-9#1-333-19-10#1-334-19-11#1-335-19-12#1-336-19-13#1-337-19-14#1-338-19-15#1-339-19-16#
1-340-20-0#1-341-20-1#1-342-20-2#1-343-20-3#1-344-20-4#1-345-20-5#1-346-20-6#1-347-20-7#1-348-20-8#1-349-20-9#1-350-20-10#1-351-20-11#1-352-20-12#1-353-20-13#1-354-20-14#1-355-20-15#1-356-20-16#
@
11111110001111111
11111110001111111
11111110001111111
11111110001111111
11111110001111111
11111110001111111
11111110001111111
11111110001111111
11111110001111111
11111110001111111
11111110001111111
11111110001111111
11111110001111111
11111110001111111
11111110001111111
11111110001111111
11111110001111111
11111110001111111
11111110001111111
11111110001111111
11111110001111111
@
0 1 2 3 4 5 6 7 8 9 10 11 12 13 14 15 16#
17 18 19 20 21 22 23 24 25 26 27 28 29 30 31 32 33#
34 35 36 37 38 39 40 41 42 43 44 45 46 47 48 49 50#
51 52 53 54 55 56 57 58 59 60 61 62 63 64 65 66 67#
68 69 70 71 72 73 74 75 76 77 78 79 80 81 82 83 84#
85 86 87 88 89 90 91 92 93 94 95 96 97 98 99 100 101#
102 103 104 105 106 107 108 109 110 111 112 113 114 115 116 117 118#
119 120 121 122 123 124 125 126 127 128 129 130 131 132 133 134 135#
136 137 138 139 140 141 142 143 144 145 146 147 148 149 150 151 152#
153 154 155 156 157 158 159 160 161 162 163 164 165 166 167 168 169#
170 171 172 173 174 175 176 177 178 179 180 181 182 183 184 185 186#
187 188 189 190 191 192 193 194 195 196 197 198 199 200 201 202 203#
204 205 206 207 208 209 210 211 212 213 214 215 216 217 218 219 220#
221 222 223 224 225 226 227 228 229 230 231 232 233 234 235 236 237#
238 239 240 241 242 243 244 245 246 247 248 249 250 251 252 253 254#
255 256 257 258 259 260 261 262 263 264 265 266 267 268 269 270 271#
272 273 274 275 276 277 278 279 280 281 282 283 284 285 286 287 288#
289 290 291 292 293 294 295 296 297 298 299 300 301 302 303 304 305#
306 307 308 309 310 311 312 313 314 315 316 317 318 319 320 321 322#
323 324 325 326 327 328 329 330 331 332 333 334 335 336 337 338 339#
340 341 342 343 344 345 346 347 348 349 350 351 352 353 354 355 356
@
8-19
@
8-0-m1
@
8-15#1,8-10#2,8-5#3
@
no