19
@
18
@
0
@
0-0-0-2#0-1-0-1#0-2-1-0#0-3-1-1#0-4-1-2#0-5-2-0#0-6-2-1#0-7-2-2#0-8-3-0#0-9-3-1#0-10-3-2#0-11-0-4#0-12-0-5#0-13-0-6
@
1111111111111111111
1111111000111111111
1111111000111111111
1001000000000001001
1000000000000000001
1000000000000000001
1000000000000000001
1001000000000001001
1000000000000000001
1000000000000000001
1000000000000000001
1001000000000001001
1000000000000000001
1000000000000000001
1000000000000000001
1001000000000001001
1000000000000000001
1111111111111111111
@
00 00 00 00 00 00 00 00 00 00 00 00 00 00 00 00 00 00 00#
00 00 00 00 00 00 00 00 11 13 11 00 00 00 00 00 00 00 00#
00 00 00 00 00 00 00 00 11 11 11 00 00 00 00 00 00 00 00#
00 01 05 06 07 01 01 11 11 11 11 11 01 01 05 06 07 01 00#
00 01 08 09 10 01 01 11 11 11 11 11 01 01 08 09 10 01 00#
00 01 01 01 01 01 01 11 11 11 11 11 01 01 01 01 01 01 00#
00 01 02 03 04 01 01 11 11 11 11 11 01 01 02 03 04 01 00#
00 01 05 06 07 01 01 11 11 11 11 11 01 01 05 06 07 01 00#
00 01 08 09 10 01 01 11 11 11 11 11 01 01 08 09 10 01 00#
00 01 01 01 01 01 01 11 11 11 11 11 01 01 01 01 01 01 00#
00 01 02 03 04 01 01 11 11 11 11 11 01 01 02 03 04 01 00#
00 01 05 06 07 01 01 11 11 11 11 11 01 01 05 06 07 01 00#
00 01 08 09 10 01 01 11 11 11 11 11 01 01 08 09 10 01 00#
00 01 01 01 01 01 01 11 11 11 11 11 01 01 01 01 01 01 00#
00 01 02 03 04 01 01 11 11 11 11 11 01 01 02 03 04 01 00#
00 01 05 06 07 01 01 11 11 11 11 11 01 01 05 06 07 01 00#
00 01 08 09 10 01 01 11 11 11 11 11 01 01 08 09 10 01 00#
00 00 00 00 00 00 00 00 00 00 00 00 00 00 00 00 00 00 00
@
9-6
@
9-1-m2
@
9-3
@
9-1