13
@
18
@
2
@
2-0-0-0#2-1-0-1#2-2-0-2#2-3-0-3#2-4-0-4#2-5-0-5#2-6-0-6#2-7-0-7#2-8-0-8#2-9-0-9#2-10-0-10#2-11-0-11#2-12-0-12#
2-13-1-0#2-14-1-1#2-15-1-2#2-16-1-3#2-17-1-4#2-18-1-5#2-19-1-6#2-20-1-7#2-21-1-8#2-22-1-9#2-23-1-10#2-24-1-11#2-25-1-12#
2-26-2-0#2-27-2-1#2-28-2-2#2-29-2-3#2-30-2-4#2-31-2-5#2-32-2-6#2-33-2-7#2-34-2-8#2-35-2-9#2-36-2-10#2-37-2-11#2-38-2-12#
2-39-3-0#2-40-3-1#2-41-3-2#2-42-3-3#2-43-3-4#2-44-3-5#2-45-3-6#2-46-3-7#2-47-3-8#2-48-3-9#2-49-3-10#2-50-3-11#2-51-3-12#
2-52-4-0#2-53-4-1#2-54-4-2#2-55-4-3#2-56-4-4#2-57-4-5#2-58-4-6#2-59-4-7#2-60-4-8#2-61-4-9#2-62-4-10#2-63-4-11#2-64-4-12#
2-65-5-0#2-66-5-1#2-67-5-2#2-68-5-3#2-69-5-4#2-70-5-5#2-71-5-6#2-72-5-7#2-73-5-8#2-74-5-9#2-75-5-10#2-76-5-11#2-77-5-12#
2-78-6-0#2-79-6-1#2-80-6-2#2-81-6-3#2-82-6-4#2-83-6-5#2-84-6-6#2-85-6-7#2-86-6-8#2-87-6-9#2-88-6-10#2-89-6-11#2-90-6-12#
2-91-7-0#2-92-7-1#2-93-7-2#2-94-7-3#2-95-7-4#2-96-7-5#2-97-7-6#2-98-7-7#2-99-7-8#2-100-7-9#2-101-7-10#2-102-7-11#2-103-7-12#
2-104-8-0#2-105-8-1#2-106-8-2#2-107-8-3#2-108-8-4#2-109-8-5#2-110-8-6#2-111-8-7#2-112-8-8#2-113-8-9#2-114-8-10#2-115-8-11#2-116-8-12#
2-117-9-0#2-118-9-1#2-119-9-2#2-120-9-3#2-121-9-4#2-122-9-5#2-123-9-6#2-124-9-7#2-125-9-8#2-126-9-9#2-127-9-10#2-128-9-11#2-129-9-12#
2-130-10-0#2-131-10-1#2-132-10-2#2-133-10-3#2-134-10-4#2-135-10-5#2-136-10-6#2-137-10-7#2-138-10-8#2-139-10-9#2-140-10-10#2-141-10-11#2-142-10-12#
2-143-11-0#2-144-11-1#2-145-11-2#2-146-11-3#2-147-11-4#2-148-11-5#2-149-11-6#2-150-11-7#2-151-11-8#2-152-11-9#2-153-11-10#2-154-11-11#2-155-11-12#
2-156-12-0#2-157-12-1#2-158-12-2#2-159-12-3#2-160-12-4#2-161-12-5#2-162-12-6#2-163-12-7#2-164-12-8#2-165-12-9#2-166-12-10#2-167-12-11#2-168-12-12#
2-169-13-0#2-170-13-1#2-171-13-2#2-172-13-3#2-173-13-4#2-174-13-5#2-175-13-6#2-176-13-7#2-177-13-8#2-178-13-9#2-179-13-10#2-180-13-11#2-181-13-12#
2-182-14-0#2-183-14-1#2-184-14-2#2-185-14-3#2-186-14-4#2-187-14-5#2-188-14-6#2-189-14-7#2-190-14-8#2-191-14-9#2-192-14-10#2-193-14-11#2-194-14-12#
2-195-15-0#2-196-15-1#2-197-15-2#2-198-15-3#2-199-15-4#2-200-15-5#2-201-15-6#2-202-15-7#2-203-15-8#2-204-15-9#2-205-15-10#2-206-15-11#2-207-15-12#
2-208-16-0#2-209-16-1#2-210-16-2#2-211-16-3#2-212-16-4#2-213-16-5#2-214-16-6#2-215-16-7#2-216-16-8#2-217-16-9#2-218-16-10#2-219-16-11#2-220-16-12#
2-221-17-0#2-222-17-1#2-223-17-2#2-224-17-3#2-225-17-4#2-226-17-5#2-227-17-6#2-228-17-7#2-229-17-8#2-230-17-9#2-231-17-10#2-232-17-11#2-233-17-12
@
1111111111111
1111111111111
1111000001111
1111000001111
1111000001111
1111000001111
1111000001111
1111000001111
1111000001111
1111000001111
1111000001111
1111000001111
1111000001111
1111000001111
1111000001111
1111000001111
1111000001111
1111000001111
@
0 1 2 3 4 5 6 7 8 9 10 11 12#
13 14 15 16 17 18 19 20 21 22 23 24 25#
26 27 28 29 30 31 32 33 34 35 36 37 38#
39 40 41 42 43 44 45 46 47 48 49 50 51#
52 53 54 55 56 57 58 59 60 61 62 63 64#
65 66 67 68 69 70 71 72 73 74 75 76 77#
78 79 80 81 82 83 84 85 86 87 88 89 90#
91 92 93 94 95 96 97 98 99 100 101 102 103#
104 105 106 107 108 109 110 111 112 113 114 115 116#
117 118 119 120 121 122 123 124 125 126 127 128 129#
130 131 132 133 134 135 136 137 138 139 140 141 142#
143 144 145 146 147 148 149 150 151 152 153 154 155#
156 157 158 159 160 161 162 163 164 165 166 167 168#
169 170 171 172 173 174 175 176 177 178 179 180 181#
182 183 184 185 186 187 188 189 190 191 192 193 194#
195 196 197 198 199 200 201 202 203 204 205 206 207#
208 209 210 211 212 213 214 215 216 217 218 219 220#
221 222 223 224 225 226 227 228 229 230 231 232 233
@
6-16
@
6-2-m6
@
no
@
no