20
@
20
@
6
@
6-0-0-0#6-1-0-1#6-2-0-2#6-3-0-3#6-4-0-4#6-5-0-5#6-6-0-6#6-7-0-7#6-8-0-8#6-9-0-9#6-10-0-10#6-11-0-11#6-12-0-12#6-13-0-13#6-14-0-14#6-15-0-15#6-16-0-16#6-17-0-17#6-18-0-18#6-19-0-19#
6-20-1-0#6-21-1-1#6-22-1-2#6-23-1-3#6-24-1-4#6-25-1-5#6-26-1-6#6-27-1-7#6-28-1-8#6-29-1-9#6-30-1-10#6-31-1-11#6-32-1-12#6-33-1-13#6-34-1-14#6-35-1-15#6-36-1-16#6-37-1-17#6-38-1-18#6-39-1-19#
6-40-2-0#6-41-2-1#6-42-2-2#6-43-2-3#6-44-2-4#6-45-2-5#6-46-2-6#6-47-2-7#6-48-2-8#6-49-2-9#6-50-2-10#6-51-2-11#6-52-2-12#6-53-2-13#6-54-2-14#6-55-2-15#6-56-2-16#6-57-2-17#6-58-2-18#6-59-2-19#
6-60-3-0#6-61-3-1#6-62-3-2#6-63-3-3#6-64-3-4#6-65-3-5#6-66-3-6#6-67-3-7#6-68-3-8#6-69-3-9#6-70-3-10#6-71-3-11#6-72-3-12#6-73-3-13#6-74-3-14#6-75-3-15#6-76-3-16#6-77-3-17#6-78-3-18#6-79-3-19#
6-80-4-0#6-81-4-1#6-82-4-2#6-83-4-3#6-84-4-4#6-85-4-5#6-86-4-6#6-87-4-7#6-88-4-8#6-89-4-9#6-90-4-10#6-91-4-11#6-92-4-12#6-93-4-13#6-94-4-14#6-95-4-15#6-96-4-16#6-97-4-17#6-98-4-18#6-99-4-19#
6-100-5-0#6-101-5-1#6-102-5-2#6-103-5-3#6-104-5-4#6-105-5-5#6-106-5-6#6-107-5-7#6-108-5-8#6-109-5-9#6-110-5-10#6-111-5-11#6-112-5-12#6-113-5-13#6-114-5-14#6-115-5-15#6-116-5-16#6-117-5-17#6-118-5-18#6-119-5-19#
6-120-6-0#6-121-6-1#6-122-6-2#6-123-6-3#6-124-6-4#6-125-6-5#6-126-6-6#6-127-6-7#6-128-6-8#6-129-6-9#6-130-6-10#6-131-6-11#6-132-6-12#6-133-6-13#6-134-6-14#6-135-6-15#6-136-6-16#6-137-6-17#6-138-6-18#6-139-6-19#
6-140-7-0#6-141-7-1#6-142-7-2#6-143-7-3#6-144-7-4#6-145-7-5#6-146-7-6#6-147-7-7#6-148-7-8#6-149-7-9#6-150-7-10#6-151-7-11#6-152-7-12#6-153-7-13#6-154-7-14#6-155-7-15#6-156-7-16#6-157-7-17#6-158-7-18#6-159-7-19#
6-160-8-0#6-161-8-1#6-162-8-2#6-163-8-3#6-164-8-4#6-165-8-5#6-166-8-6#6-167-8-7#6-168-8-8#6-169-8-9#6-170-8-10#6-171-8-11#6-172-8-12#6-173-8-13#6-174-8-14#6-175-8-15#6-176-8-16#6-177-8-17#6-178-8-18#6-179-8-19#
6-180-9-0#6-181-9-1#6-182-9-2#6-183-9-3#6-184-9-4#6-185-9-5#6-186-9-6#6-187-9-7#6-188-9-8#6-189-9-9#6-190-9-10#6-191-9-11#6-192-9-12#6-193-9-13#6-194-9-14#6-195-9-15#6-196-9-16#6-197-9-17#6-198-9-18#6-199-9-19#
6-200-10-0#6-201-10-1#6-202-10-2#6-203-10-3#6-204-10-4#6-205-10-5#6-206-10-6#6-207-10-7#6-208-10-8#6-209-10-9#6-210-10-10#6-211-10-11#6-212-10-12#6-213-10-13#6-214-10-14#6-215-10-15#6-216-10-16#6-217-10-17#6-218-10-18#6-219-10-19#
6-220-11-0#6-221-11-1#6-222-11-2#6-223-11-3#6-224-11-4#6-225-11-5#6-226-11-6#6-227-11-7#6-228-11-8#6-229-11-9#6-230-11-10#6-231-11-11#6-232-11-12#6-233-11-13#6-234-11-14#6-235-11-15#6-236-11-16#6-237-11-17#6-238-11-18#6-239-11-19#
6-240-12-0#6-241-12-1#6-242-12-2#6-243-12-3#6-244-12-4#6-245-12-5#6-246-12-6#6-247-12-7#6-248-12-8#6-249-12-9#6-250-12-10#6-251-12-11#6-252-12-12#6-253-12-13#6-254-12-14#6-255-12-15#6-256-12-16#6-257-12-17#6-258-12-18#6-259-12-19#
6-260-13-0#6-261-13-1#6-262-13-2#6-263-13-3#6-264-13-4#6-265-13-5#6-266-13-6#6-267-13-7#6-268-13-8#6-269-13-9#6-270-13-10#6-271-13-11#6-272-13-12#6-273-13-13#6-274-13-14#6-275-13-15#6-276-13-16#6-277-13-17#6-278-13-18#6-279-13-19#
6-280-14-0#6-281-14-1#6-282-14-2#6-283-14-3#6-284-14-4#6-285-14-5#6-286-14-6#6-287-14-7#6-288-14-8#6-289-14-9#6-290-14-10#6-291-14-11#6-292-14-12#6-293-14-13#6-294-14-14#6-295-14-15#6-296-14-16#6-297-14-17#6-298-14-18#6-299-14-19#
6-300-15-0#6-301-15-1#6-302-15-2#6-303-15-3#6-304-15-4#6-305-15-5#6-306-15-6#6-307-15-7#6-308-15-8#6-309-15-9#6-310-15-10#6-311-15-11#6-312-15-12#6-313-15-13#6-314-15-14#6-315-15-15#6-316-15-16#6-317-15-17#6-318-15-18#6-319-15-19#
6-320-16-0#6-321-16-1#6-322-16-2#6-323-16-3#6-324-16-4#6-325-16-5#6-326-16-6#6-327-16-7#6-328-16-8#6-329-16-9#6-330-16-10#6-331-16-11#6-332-16-12#6-333-16-13#6-334-16-14#6-335-16-15#6-336-16-16#6-337-16-17#6-338-16-18#6-339-16-19#
6-340-17-0#6-341-17-1#6-342-17-2#6-343-17-3#6-344-17-4#6-345-17-5#6-346-17-6#6-347-17-7#6-348-17-8#6-349-17-9#6-350-17-10#6-351-17-11#6-352-17-12#6-353-17-13#6-354-17-14#6-355-17-15#6-356-17-16#6-357-17-17#6-358-17-18#6-359-17-19#
6-360-18-0#6-361-18-1#6-362-18-2#6-363-18-3#6-364-18-4#6-365-18-5#6-366-18-6#6-367-18-7#6-368-18-8#6-369-18-9#6-370-18-10#6-371-18-11#6-372-18-12#6-373-18-13#6-374-18-14#6-375-18-15#6-376-18-16#6-377-18-17#6-378-18-18#6-379-18-19#
6-380-19-0#6-381-19-1#6-382-19-2#6-383-19-3#6-384-19-4#6-385-19-5#6-386-19-6#6-387-19-7#6-388-19-8#6-389-19-9#6-390-19-10#6-391-19-11#6-392-19-12#6-393-19-13#6-394-19-14#6-395-19-15#6-396-19-16#6-397-19-17#6-398-19-18#6-399-19-19#
@
11111111110011111111
11111111110011111111
11000000000000000011
11000000000000000011
00111110000001111100
00111110000001111100
00111110000001111100
00111110000001111100
00111110000001111100
00000000000000000000
00000000000000000000
00000000000000111111
00011111110000111111
00011111110000111111
00011111110000111111
00011111110000111111
00011100110000111111
00000000000000111111
11000000000000111111
11000000000000111111
@
0 1 2 3 4 5 6 7 8 9 10 11 12 13 14 15 16 17 18 19#
20 21 22 23 24 25 26 27 28 29 30 31 32 33 34 35 36 37 38 39#
40 41 42 43 44 45 46 47 48 49 50 51 52 53 54 55 56 57 58 59#
60 61 62 63 64 65 66 67 68 69 70 71 72 73 74 75 76 77 78 79#
80 81 82 83 84 85 86 87 88 89 90 91 92 93 94 95 96 97 98 99#
100 101 102 103 104 105 106 107 108 109 110 111 112 113 114 115 116 117 118 119#
120 121 122 123 124 125 126 127 128 129 130 131 132 133 134 135 136 137 138 139#
140 141 142 143 144 145 146 147 148 149 150 151 152 153 154 155 156 157 158 159#
160 161 162 163 164 165 166 167 168 169 170 171 172 173 174 175 176 177 178 179#
180 181 182 183 184 185 186 187 188 189 190 191 192 193 194 195 196 197 198 199#
200 201 202 203 204 205 206 207 208 209 210 211 212 213 214 215 216 217 218 219#
220 221 222 223 224 225 226 227 228 229 230 231 232 233 234 235 236 237 238 239#
240 241 242 243 244 245 246 247 248 249 250 251 252 253 254 255 256 257 258 259#
260 261 262 263 264 265 266 267 268 269 270 271 272 273 274 275 276 277 278 279#
280 281 282 283 284 285 286 287 288 289 290 291 292 293 294 295 296 297 298 299#
300 301 302 303 304 305 306 307 308 309 310 311 312 313 314 315 316 317 318 319#
320 321 322 323 324 325 326 327 328 329 330 331 332 333 334 335 336 337 338 339#
340 341 342 343 344 345 346 347 348 349 350 351 352 353 354 355 356 357 358 359#
360 361 362 363 364 365 366 367 368 369 370 371 372 373 374 375 376 377 378 379#
380 381 382 383 384 385 386 387 388 389 390 391 392 393 394 395 396 397 398 399
@
7-16
@
11-1-m4
@
no
@
no