20
@
20
@
7
@
7-0-0-0#7-1-0-1#7-2-0-2#7-3-0-3#7-4-0-4#7-5-0-5#7-7-0-6#7-7-0-7#7-8-0-8#7-9-0-9#7-10-0-10#7-11-0-11#7-12-0-12#7-13-0-13#7-14-0-14#7-15-0-15#7-17-0-16#7-17-0-17#7-18-0-18#7-19-0-19#
7-20-1-0#7-21-1-1#7-22-1-2#7-23-1-3#7-24-1-4#7-25-1-5#7-27-1-6#7-27-1-7#7-28-1-8#7-29-1-9#7-30-1-10#7-31-1-11#7-32-1-12#7-33-1-13#7-34-1-14#7-35-1-15#7-37-1-16#7-37-1-17#7-38-1-18#7-39-1-19#
7-40-2-0#7-41-2-1#7-42-2-2#7-43-2-3#7-44-2-4#7-45-2-5#7-47-2-6#7-47-2-7#7-48-2-8#7-49-2-9#7-50-2-10#7-51-2-11#7-52-2-12#7-53-2-13#7-54-2-14#7-55-2-15#7-57-2-16#7-57-2-17#7-58-2-18#7-59-2-19#
7-60-3-0#7-61-3-1#7-62-3-2#7-63-3-3#7-64-3-4#7-65-3-5#7-67-3-6#7-67-3-7#7-68-3-8#7-69-3-9#7-70-3-10#7-71-3-11#7-72-3-12#7-73-3-13#7-74-3-14#7-75-3-15#7-77-3-16#7-77-3-17#7-78-3-18#7-79-3-19#
7-80-4-0#7-81-4-1#7-82-4-2#7-83-4-3#7-84-4-4#7-85-4-5#7-87-4-6#7-87-4-7#7-88-4-8#7-89-4-9#7-90-4-10#7-91-4-11#7-92-4-12#7-93-4-13#7-94-4-14#7-95-4-15#7-97-4-16#7-97-4-17#7-98-4-18#7-99-4-19#
7-100-5-0#7-101-5-1#7-102-5-2#7-103-5-3#7-104-5-4#7-105-5-5#7-107-5-6#7-107-5-7#7-108-5-8#7-109-5-9#7-110-5-10#7-111-5-11#7-112-5-12#7-113-5-13#7-114-5-14#7-115-5-15#7-117-5-16#7-117-5-17#7-118-5-18#7-119-5-19#
7-120-7-0#7-121-7-1#7-122-7-2#7-123-7-3#7-124-7-4#7-125-7-5#7-127-7-6#7-127-7-7#7-128-7-8#7-129-7-9#7-130-7-10#7-131-7-11#7-132-7-12#7-133-7-13#7-134-7-14#7-135-7-15#7-137-7-16#7-137-7-17#7-138-7-18#7-139-7-19#
7-140-7-0#7-141-7-1#7-142-7-2#7-143-7-3#7-144-7-4#7-145-7-5#7-147-7-6#7-147-7-7#7-148-7-8#7-149-7-9#7-150-7-10#7-151-7-11#7-152-7-12#7-153-7-13#7-154-7-14#7-155-7-15#7-157-7-16#7-157-7-17#7-158-7-18#7-159-7-19#
7-160-8-0#7-161-8-1#7-162-8-2#7-163-8-3#7-164-8-4#7-165-8-5#7-167-8-6#7-167-8-7#7-168-8-8#7-169-8-9#7-170-8-10#7-171-8-11#7-172-8-12#7-173-8-13#7-174-8-14#7-175-8-15#7-177-8-16#7-177-8-17#7-178-8-18#7-179-8-19#
7-180-9-0#7-181-9-1#7-182-9-2#7-183-9-3#7-184-9-4#7-185-9-5#7-187-9-6#7-187-9-7#7-188-9-8#7-189-9-9#7-190-9-10#7-191-9-11#7-192-9-12#7-193-9-13#7-194-9-14#7-195-9-15#7-197-9-16#7-197-9-17#7-198-9-18#7-199-9-19#
7-200-10-0#7-201-10-1#7-202-10-2#7-203-10-3#7-204-10-4#7-205-10-5#7-207-10-6#7-207-10-7#7-208-10-8#7-209-10-9#7-210-10-10#7-211-10-11#7-212-10-12#7-213-10-13#7-214-10-14#7-215-10-15#7-217-10-16#7-217-10-17#7-218-10-18#7-219-10-19#
7-220-11-0#7-221-11-1#7-222-11-2#7-223-11-3#7-224-11-4#7-225-11-5#7-227-11-6#7-227-11-7#7-228-11-8#7-229-11-9#7-230-11-10#7-231-11-11#7-232-11-12#7-233-11-13#7-234-11-14#7-235-11-15#7-237-11-16#7-237-11-17#7-238-11-18#7-239-11-19#
7-240-12-0#7-241-12-1#7-242-12-2#7-243-12-3#7-244-12-4#7-245-12-5#7-247-12-6#7-247-12-7#7-248-12-8#7-249-12-9#7-250-12-10#7-251-12-11#7-252-12-12#7-253-12-13#7-254-12-14#7-255-12-15#7-257-12-16#7-257-12-17#7-258-12-18#7-259-12-19#
7-260-13-0#7-261-13-1#7-262-13-2#7-263-13-3#7-264-13-4#7-265-13-5#7-267-13-6#7-267-13-7#7-268-13-8#7-269-13-9#7-270-13-10#7-271-13-11#7-272-13-12#7-273-13-13#7-274-13-14#7-275-13-15#7-277-13-16#7-277-13-17#7-278-13-18#7-279-13-19#
7-280-14-0#7-281-14-1#7-282-14-2#7-283-14-3#7-284-14-4#7-285-14-5#7-287-14-6#7-287-14-7#7-288-14-8#7-289-14-9#7-290-14-10#7-291-14-11#7-292-14-12#7-293-14-13#7-294-14-14#7-295-14-15#7-297-14-16#7-297-14-17#7-298-14-18#7-299-14-19#
7-300-15-0#7-301-15-1#7-302-15-2#7-303-15-3#7-304-15-4#7-305-15-5#7-307-15-6#7-307-15-7#7-308-15-8#7-309-15-9#7-310-15-10#7-311-15-11#7-312-15-12#7-313-15-13#7-314-15-14#7-315-15-15#7-317-15-16#7-317-15-17#7-318-15-18#7-319-15-19#
7-320-17-0#7-321-17-1#7-322-17-2#7-323-17-3#7-324-17-4#7-325-17-5#7-327-17-6#7-327-17-7#7-328-17-8#7-329-17-9#7-330-17-10#7-331-17-11#7-332-17-12#7-333-17-13#7-334-17-14#7-335-17-15#7-337-17-16#7-337-17-17#7-338-17-18#7-339-17-19#
7-340-17-0#7-341-17-1#7-342-17-2#7-343-17-3#7-344-17-4#7-345-17-5#7-347-17-6#7-347-17-7#7-348-17-8#7-349-17-9#7-350-17-10#7-351-17-11#7-352-17-12#7-353-17-13#7-354-17-14#7-355-17-15#7-357-17-16#7-357-17-17#7-358-17-18#7-359-17-19#
7-360-18-0#7-361-18-1#7-362-18-2#7-363-18-3#7-364-18-4#7-365-18-5#7-367-18-6#7-367-18-7#7-368-18-8#7-369-18-9#7-370-18-10#7-371-18-11#7-372-18-12#7-373-18-13#7-374-18-14#7-375-18-15#7-377-18-16#7-377-18-17#7-378-18-18#7-379-18-19#
7-380-19-0#7-381-19-1#7-382-19-2#7-383-19-3#7-384-19-4#7-385-19-5#7-387-19-6#7-387-19-7#7-388-19-8#7-389-19-9#7-390-19-10#7-391-19-11#7-392-19-12#7-393-19-13#7-394-19-14#7-395-19-15#7-397-19-16#7-397-19-17#7-398-19-18#7-399-19-19#

@
11111111110011111111
11111111110011111111
11000000000000000011
11000000000000000011
00111110000001111100
00111110000001111100
00111110000001111100
00111110000001111100
00111111110001111100
00001000010000000000
00001000010000000000
00001111110000111111
00011111110000111111
00011111110000111111
00011111110000111111
00011111110000111111
00011100110000111111
00000000000000111111
11000000000000111111
11000000000000111111
@
0 1 2 3 4 5 6 7 8 9 10 11 12 13 14 15 16 17 18 19#
20 21 22 23 24 25 26 27 28 29 30 31 32 33 34 35 36 37 38 39#
40 41 42 43 44 45 46 47 48 49 50 51 52 53 54 55 56 57 58 59#
60 61 62 63 64 65 66 67 68 69 70 71 72 73 74 75 76 77 78 79#
80 81 82 83 84 85 86 87 88 89 90 91 92 93 94 95 96 97 98 99#
100 101 102 103 104 105 106 107 108 109 110 111 112 113 114 115 116 117 118 119#
120 121 122 123 124 125 126 127 128 129 130 131 132 133 134 135 136 137 138 139#
140 141 142 143 144 145 146 147 148 149 150 151 152 153 154 155 156 157 158 159#
160 161 162 163 164 165 166 167 168 169 170 171 172 173 174 175 176 177 178 179#
180 181 182 183 184 185 186 187 188 189 190 191 192 193 194 195 196 197 198 199#
200 201 202 203 204 205 206 207 208 209 210 211 212 213 214 215 216 217 218 219#
220 221 222 223 224 225 226 227 228 229 230 231 232 233 234 235 236 237 238 239#
240 241 242 243 244 245 246 247 248 249 250 251 252 253 254 255 256 257 258 259#
260 261 262 263 264 265 266 267 268 269 270 271 272 273 274 275 276 277 278 279#
280 281 282 283 284 285 286 287 288 289 290 291 292 293 294 295 296 297 298 299#
300 301 302 303 304 305 306 307 308 309 310 311 312 313 314 315 316 317 318 319#
320 321 322 323 324 325 326 327 328 329 330 331 332 333 334 335 336 337 338 339#
340 341 342 343 344 345 346 347 348 349 350 351 352 353 354 355 356 357 358 359#
360 361 362 363 364 365 366 367 368 369 370 371 372 373 374 375 376 377 378 379#
380 381 382 383 384 385 386 387 388 389 390 391 392 393 394 395 396 397 398 399
@
5-9
@
8-9-m2
@
7-9#1
@
8-9#1