18
@
18
@
9
@
9-0-0-0#9-1-0-1#9-2-0-2#9-3-0-3#9-4-0-4#9-5-0-5#9-6-0-6#9-7-0-7#9-8-0-8#9-9-0-9#9-10-0-10#9-11-0-11#9-12-0-12#9-13-0-13#9-14-0-14#9-15-0-15#9-16-0-16#9-17-0-17#
9-18-1-0#9-19-1-1#9-20-1-2#9-21-1-3#9-22-1-4#9-23-1-5#9-24-1-6#9-25-1-7#9-26-1-8#9-27-1-9#9-28-1-10#9-29-1-11#9-30-1-12#9-31-1-13#9-32-1-14#9-33-1-15#9-34-1-16#9-35-1-17#
9-36-2-0#9-37-2-1#9-38-2-2#9-39-2-3#9-40-2-4#9-41-2-5#9-42-2-6#9-43-2-7#9-44-2-8#9-45-2-9#9-46-2-10#9-47-2-11#9-48-2-12#9-49-2-13#9-50-2-14#9-51-2-15#9-52-2-16#9-53-2-17#
9-54-3-0#9-55-3-1#9-56-3-2#9-57-3-3#9-58-3-4#9-59-3-5#9-60-3-6#9-61-3-7#9-62-3-8#9-63-3-9#9-64-3-10#9-65-3-11#9-66-3-12#9-67-3-13#9-68-3-14#9-69-3-15#9-70-3-16#9-71-3-17#
9-72-4-0#9-73-4-1#9-74-4-2#9-75-4-3#9-76-4-4#9-77-4-5#9-78-4-6#9-79-4-7#9-80-4-8#9-81-4-9#9-82-4-10#9-83-4-11#9-84-4-12#9-85-4-13#9-86-4-14#9-87-4-15#9-88-4-16#9-89-4-17#
9-90-5-0#9-91-5-1#9-92-5-2#9-93-5-3#9-94-5-4#9-95-5-5#9-96-5-6#9-97-5-7#9-98-5-8#9-99-5-9#9-100-5-10#9-101-5-11#9-102-5-12#9-103-5-13#9-104-5-14#9-105-5-15#9-106-5-16#9-107-5-17#
9-108-6-0#9-109-6-1#9-110-6-2#9-111-6-3#9-112-6-4#9-113-6-5#9-114-6-6#9-115-6-7#9-116-6-8#9-117-6-9#9-118-6-10#9-119-6-11#9-120-6-12#9-121-6-13#9-122-6-14#9-123-6-15#9-124-6-16#9-125-6-17#
9-126-7-0#9-127-7-1#9-128-7-2#9-129-7-3#9-130-7-4#9-131-7-5#9-132-7-6#9-133-7-7#9-134-7-8#9-135-7-9#9-136-7-10#9-137-7-11#9-138-7-12#9-139-7-13#9-140-7-14#9-141-7-15#9-142-7-16#9-143-7-17#
9-144-8-0#9-145-8-1#9-146-8-2#9-147-8-3#9-148-8-4#9-149-8-5#9-150-8-6#9-151-8-7#9-152-8-8#9-153-8-9#9-154-8-10#9-155-8-11#9-156-8-12#9-157-8-13#9-158-8-14#9-159-8-15#9-160-8-16#9-161-8-17#
9-162-9-0#9-163-9-1#9-164-9-2#9-165-9-3#9-166-9-4#9-167-9-5#9-168-9-6#9-169-9-7#9-170-9-8#9-171-9-9#9-172-9-10#9-173-9-11#9-174-9-12#9-175-9-13#9-176-9-14#9-177-9-15#9-178-9-16#9-179-9-17#
9-180-10-0#9-181-10-1#9-182-10-2#9-183-10-3#9-184-10-4#9-185-10-5#9-186-10-6#9-187-10-7#9-188-10-8#9-189-10-9#9-190-10-10#9-191-10-11#9-192-10-12#9-193-10-13#9-194-10-14#9-195-10-15#9-196-10-16#9-197-10-17#
9-198-11-0#9-199-11-1#9-200-11-2#9-201-11-3#9-202-11-4#9-203-11-5#9-204-11-6#9-205-11-7#9-206-11-8#9-207-11-9#9-208-11-10#9-209-11-11#9-210-11-12#9-211-11-13#9-212-11-14#9-213-11-15#9-214-11-16#9-215-11-17#
9-216-12-0#9-217-12-1#9-218-12-2#9-219-12-3#9-220-12-4#9-221-12-5#9-222-12-6#9-223-12-7#9-224-12-8#9-225-12-9#9-226-12-10#9-227-12-11#9-228-12-12#9-229-12-13#9-230-12-14#9-231-12-15#9-232-12-16#9-233-12-17#
9-234-13-0#9-235-13-1#9-236-13-2#9-237-13-3#9-238-13-4#9-239-13-5#9-240-13-6#9-241-13-7#9-242-13-8#9-243-13-9#9-244-13-10#9-245-13-11#9-246-13-12#9-247-13-13#9-248-13-14#9-249-13-15#9-250-13-16#9-251-13-17#
9-252-14-0#9-253-14-1#9-254-14-2#9-255-14-3#9-256-14-4#9-257-14-5#9-258-14-6#9-259-14-7#9-260-14-8#9-261-14-9#9-262-14-10#9-263-14-11#9-264-14-12#9-265-14-13#9-266-14-14#9-267-14-15#9-268-14-16#9-269-14-17#
9-270-15-0#9-271-15-1#9-272-15-2#9-273-15-3#9-274-15-4#9-275-15-5#9-276-15-6#9-277-15-7#9-278-15-8#9-279-15-9#9-280-15-10#9-281-15-11#9-282-15-12#9-283-15-13#9-284-15-14#9-285-15-15#9-286-15-16#9-287-15-17#
9-288-16-0#9-289-16-1#9-290-16-2#9-291-16-3#9-292-16-4#9-293-16-5#9-294-16-6#9-295-16-7#9-296-16-8#9-297-16-9#9-298-16-10#9-299-16-11#9-300-16-12#9-301-16-13#9-302-16-14#9-303-16-15#9-304-16-16#9-305-16-17#
9-306-17-0#9-307-17-1#9-308-17-2#9-309-17-3#9-310-17-4#9-311-17-5#9-312-17-6#9-313-17-7#9-314-17-8#9-315-17-9#9-316-17-10#9-317-17-11#9-318-17-12#9-319-17-13#9-320-17-14#9-321-17-15#9-322-17-16#9-323-17-17#
@
111111111111111111
111111111111111111
111111111111111111
111111111111111111
111111111111111111
111111111111111111
111111100000010011
111100011000000011
111100011110000011
111100011110000011
111100000000000011
111100000000011111
111100000000011111
111100000000011111
111111110011111111
111111110011111111
111111110011111111
111111110011111111
@
0 1 2 3 4 5 6 7 8 9 10 11 12 13 14 15 16 17#
18 19 20 21 22 23 24 25 26 27 28 29 30 31 32 33 34 35#
36 37 38 39 40 41 42 43 44 45 46 47 48 49 50 51 52 53#
54 55 56 57 58 59 60 61 62 63 64 65 66 67 68 69 70 71#
72 73 74 75 76 77 78 79 80 81 82 83 84 85 86 87 88 89#
90 91 92 93 94 95 96 97 98 99 100 101 102 103 104 105 106 107#
108 109 110 111 112 113 114 115 116 117 118 119 120 121 122 123 124 125#
126 127 128 129 130 131 132 133 134 135 136 137 138 139 140 141 142 143#
144 145 146 147 148 149 150 151 152 153 154 155 156 157 158 159 160 161#
162 163 164 165 166 167 168 169 170 171 172 173 174 175 176 177 178 179#
180 181 182 183 184 185 186 187 188 189 190 191 192 193 194 195 196 197#
198 199 200 201 202 203 204 205 206 207 208 209 210 211 212 213 214 215#
216 217 218 219 220 221 222 223 224 225 226 227 228 229 230 231 232 233#
234 235 236 237 238 239 240 241 242 243 244 245 246 247 248 249 250 251#
252 253 254 255 256 257 258 259 260 261 262 263 264 265 266 267 268 269#
270 271 272 273 274 275 276 277 278 279 280 281 282 283 284 285 286 287#
288 289 290 291 292 293 294 295 296 297 298 299 300 301 302 303 304 305#
306 307 308 309 310 311 312 313 314 315 316 317 318 319 320 321 322 323
@
9-16
@
5-9-m5
@
5-10#3
@
5-9#2