18
@
18
@
10
@
10-0-0-0#10-1-0-1#10-2-0-2#10-3-0-3#10-4-0-4#10-5-0-5#10-6-0-6#10-7-0-7#10-8-0-8#10-9-0-9#10-10-0-10#10-11-0-11#10-12-0-12#10-13-0-13#10-14-0-14#10-15-0-15#10-16-0-16#10-17-0-17#
10-18-1-0#10-19-1-1#10-20-1-2#10-21-1-3#10-22-1-4#10-23-1-5#10-24-1-6#10-25-1-7#10-26-1-8#10-27-1-9#10-28-1-10#10-29-1-11#10-30-1-12#10-31-1-13#10-32-1-14#10-33-1-15#10-34-1-16#10-35-1-17#
10-36-2-0#10-37-2-1#10-38-2-2#10-39-2-3#10-40-2-4#10-41-2-5#10-42-2-6#10-43-2-7#10-44-2-8#10-45-2-9#10-46-2-10#10-47-2-11#10-48-2-12#10-49-2-13#10-50-2-14#10-51-2-15#10-52-2-16#10-53-2-17#
10-54-3-0#10-55-3-1#10-56-3-2#10-57-3-3#10-58-3-4#10-59-3-5#10-60-3-6#10-61-3-7#10-62-3-8#10-63-3-9#10-64-3-10#10-65-3-11#10-66-3-12#10-67-3-13#10-68-3-14#10-69-3-15#10-70-3-16#10-71-3-17#
10-72-4-0#10-73-4-1#10-74-4-2#10-75-4-3#10-76-4-4#10-77-4-5#10-78-4-6#10-79-4-7#10-80-4-8#10-81-4-9#10-82-4-10#10-83-4-11#10-84-4-12#10-85-4-13#10-86-4-14#10-87-4-15#10-88-4-16#10-89-4-17#
10-90-5-0#10-91-5-1#10-92-5-2#10-93-5-3#10-94-5-4#10-95-5-5#10-96-5-6#10-97-5-7#10-98-5-8#10-99-5-9#10-100-5-10#10-101-5-11#10-102-5-12#10-103-5-13#10-104-5-14#10-105-5-15#10-106-5-16#10-107-5-17#
10-108-6-0#10-109-6-1#10-110-6-2#10-111-6-3#10-112-6-4#10-113-6-5#10-114-6-6#10-115-6-7#10-116-6-8#10-117-6-9#10-118-6-10#10-119-6-11#10-120-6-12#10-121-6-13#10-122-6-14#10-123-6-15#10-124-6-16#10-125-6-17#
10-126-7-0#10-127-7-1#10-128-7-2#10-129-7-3#10-130-7-4#10-131-7-5#10-132-7-6#10-133-7-7#10-134-7-8#10-135-7-9#10-136-7-10#10-137-7-11#10-138-7-12#10-139-7-13#10-140-7-14#10-141-7-15#10-142-7-16#10-143-7-17#
10-144-8-0#10-145-8-1#10-146-8-2#10-147-8-3#10-148-8-4#10-149-8-5#10-150-8-6#10-151-8-7#10-152-8-8#10-153-8-9#10-154-8-10#10-155-8-11#10-156-8-12#10-157-8-13#10-158-8-14#10-159-8-15#10-160-8-16#10-161-8-17#
10-162-9-0#10-163-9-1#10-164-9-2#10-165-9-3#10-166-9-4#10-167-9-5#10-168-9-6#10-169-9-7#10-170-9-8#10-171-9-9#10-172-9-10#10-173-9-11#10-174-9-12#10-175-9-13#10-176-9-14#10-177-9-15#10-178-9-16#10-179-9-17#
10-180-10-0#10-181-10-1#10-182-10-2#10-183-10-3#10-184-10-4#10-185-10-5#10-186-10-6#10-187-10-7#10-188-10-8#10-189-10-9#10-190-10-10#10-191-10-11#10-192-10-12#10-193-10-13#10-194-10-14#10-195-10-15#10-196-10-16#10-197-10-17#
10-198-11-0#10-199-11-1#10-200-11-2#10-201-11-3#10-202-11-4#10-203-11-5#10-204-11-6#10-205-11-7#10-206-11-8#10-207-11-9#10-208-11-10#10-209-11-11#10-210-11-12#10-211-11-13#10-212-11-14#10-213-11-15#10-214-11-16#10-215-11-17#
10-216-12-0#10-217-12-1#10-218-12-2#10-219-12-3#10-220-12-4#10-221-12-5#10-222-12-6#10-223-12-7#10-224-12-8#10-225-12-9#10-226-12-10#10-227-12-11#10-228-12-12#10-229-12-13#10-230-12-14#10-231-12-15#10-232-12-16#10-233-12-17#
10-234-13-0#10-235-13-1#10-236-13-2#10-237-13-3#10-238-13-4#10-239-13-5#10-240-13-6#10-241-13-7#10-242-13-8#10-243-13-9#10-244-13-10#10-245-13-11#10-246-13-12#10-247-13-13#10-248-13-14#10-249-13-15#10-250-13-16#10-251-13-17#
10-252-14-0#10-253-14-1#10-254-14-2#10-255-14-3#10-256-14-4#10-257-14-5#10-258-14-6#10-259-14-7#10-260-14-8#10-261-14-9#10-262-14-10#10-263-14-11#10-264-14-12#10-265-14-13#10-266-14-14#10-267-14-15#10-268-14-16#10-269-14-17#
10-270-15-0#10-271-15-1#10-272-15-2#10-273-15-3#10-274-15-4#10-275-15-5#10-276-15-6#10-277-15-7#10-278-15-8#10-279-15-9#10-280-15-10#10-281-15-11#10-282-15-12#10-283-15-13#10-284-15-14#10-285-15-15#10-286-15-16#10-287-15-17#
10-288-16-0#10-289-16-1#10-290-16-2#10-291-16-3#10-292-16-4#10-293-16-5#10-294-16-6#10-295-16-7#10-296-16-8#10-297-16-9#10-298-16-10#10-299-16-11#10-300-16-12#10-301-16-13#10-302-16-14#10-303-16-15#10-304-16-16#10-305-16-17#
10-306-17-0#10-307-17-1#10-308-17-2#10-309-17-3#10-310-17-4#10-311-17-5#10-312-17-6#10-313-17-7#10-314-17-8#10-315-17-9#10-316-17-10#10-317-17-11#10-318-17-12#10-319-17-13#10-320-17-14#10-321-17-15#10-322-17-16#10-323-17-17#
@
111111111111111111
111111111111111111
111111111111111111
111111111111111111
111111111111111111
111111111111111111
111111100000010011
111100011000000011
111100011110000011
111100011110000011
111100000000000011
111100000000011111
111100000000011111
111100000000011111
111111110011111111
111111110011111111
111111110011111111
111111110011111111
@
0 1 2 3 4 5 6 7 8 9 10 11 12 13 14 15 16 17#
18 19 20 21 22 23 24 25 26 27 28 29 30 31 32 33 34 35#
36 37 38 39 40 41 42 43 44 45 46 47 48 49 50 51 52 53#
54 55 56 57 58 59 60 61 62 63 64 65 66 67 68 69 70 71#
72 73 74 75 76 77 78 79 80 81 82 83 84 85 86 87 88 89#
90 91 92 93 94 95 96 97 98 99 100 101 102 103 104 105 106 107#
108 109 110 111 112 113 114 115 116 117 118 119 120 121 122 123 124 125#
126 127 128 129 130 131 132 133 134 135 136 137 138 139 140 141 142 143#
144 145 146 147 148 149 150 151 152 153 154 155 156 157 158 159 160 161#
162 163 164 165 166 167 168 169 170 171 172 173 174 175 176 177 178 179#
180 181 182 183 184 185 186 187 188 189 190 191 192 193 194 195 196 197#
198 199 200 201 202 203 204 205 206 207 208 209 210 211 212 213 214 215#
216 217 218 219 220 221 222 223 224 225 226 227 228 229 230 231 232 233#
234 235 236 237 238 239 240 241 242 243 244 245 246 247 248 249 250 251#
252 253 254 255 256 257 258 259 260 261 262 263 264 265 266 267 268 269#
270 271 272 273 274 275 276 277 278 279 280 281 282 283 284 285 286 287#
288 289 290 291 292 293 294 295 296 297 298 299 300 301 302 303 304 305#
306 307 308 309 310 311 312 313 314 315 316 317 318 319 320 321 322 323
@
5-9
@
9-16-m6
@
no
@
no