20
@
20
@
8
@
8-0-0-0#8-1-0-1#8-2-0-2#8-3-0-3#8-4-0-4#8-5-0-5#8-6-0-6#8-7-0-7#8-8-0-8#8-9-0-9#8-10-0-10#8-11-0-11#8-12-0-12#8-13-0-13#8-14-0-14#8-15-0-15#8-16-0-16#8-17-0-17#8-18-0-18#8-19-0-19#
8-20-1-0#8-21-1-1#8-22-1-2#8-23-1-3#8-24-1-4#8-25-1-5#8-26-1-6#8-27-1-7#8-28-1-8#8-29-1-9#8-30-1-10#8-31-1-11#8-32-1-12#8-33-1-13#8-34-1-14#8-35-1-15#8-36-1-16#8-37-1-17#8-38-1-18#8-39-1-19#
8-40-2-0#8-41-2-1#8-42-2-2#8-43-2-3#8-44-2-4#8-45-2-5#8-46-2-6#8-47-2-7#8-48-2-8#8-49-2-9#8-50-2-10#8-51-2-11#8-52-2-12#8-53-2-13#8-54-2-14#8-55-2-15#8-56-2-16#8-57-2-17#8-58-2-18#8-59-2-19#
8-60-3-0#8-61-3-1#8-62-3-2#8-63-3-3#8-64-3-4#8-65-3-5#8-66-3-6#8-67-3-7#8-68-3-8#8-69-3-9#8-70-3-10#8-71-3-11#8-72-3-12#8-73-3-13#8-74-3-14#8-75-3-15#8-76-3-16#8-77-3-17#8-78-3-18#8-79-3-19#
8-80-4-0#8-81-4-1#8-82-4-2#8-83-4-3#8-84-4-4#8-85-4-5#8-86-4-6#8-87-4-7#8-88-4-8#8-89-4-9#8-90-4-10#8-91-4-11#8-92-4-12#8-93-4-13#8-94-4-14#8-95-4-15#8-96-4-16#8-97-4-17#8-98-4-18#8-99-4-19#
8-100-5-0#8-101-5-1#8-102-5-2#8-103-5-3#8-104-5-4#8-105-5-5#8-106-5-6#8-107-5-7#8-108-5-8#8-109-5-9#8-110-5-10#8-111-5-11#8-112-5-12#8-113-5-13#8-114-5-14#8-115-5-15#8-116-5-16#8-117-5-17#8-118-5-18#8-119-5-19#
8-120-6-0#8-121-6-1#8-122-6-2#8-123-6-3#8-124-6-4#8-125-6-5#8-126-6-6#8-127-6-7#8-128-6-8#8-129-6-9#8-130-6-10#8-131-6-11#8-132-6-12#8-133-6-13#8-134-6-14#8-135-6-15#8-136-6-16#8-137-6-17#8-138-6-18#8-139-6-19#
8-140-7-0#8-141-7-1#8-142-7-2#8-143-7-3#8-144-7-4#8-145-7-5#8-146-7-6#8-147-7-7#8-148-7-8#8-149-7-9#8-150-7-10#8-151-7-11#8-152-7-12#8-153-7-13#8-154-7-14#8-155-7-15#8-156-7-16#8-157-7-17#8-158-7-18#8-159-7-19#
8-160-8-0#8-161-8-1#8-162-8-2#8-163-8-3#8-164-8-4#8-165-8-5#8-166-8-6#8-167-8-7#8-168-8-8#8-169-8-9#8-170-8-10#8-171-8-11#8-172-8-12#8-173-8-13#8-174-8-14#8-175-8-15#8-176-8-16#8-177-8-17#8-178-8-18#8-179-8-19#
8-180-9-0#8-181-9-1#8-182-9-2#8-183-9-3#8-184-9-4#8-185-9-5#8-186-9-6#8-187-9-7#8-188-9-8#8-189-9-9#8-190-9-10#8-191-9-11#8-192-9-12#8-193-9-13#8-194-9-14#8-195-9-15#8-196-9-16#8-197-9-17#8-198-9-18#8-199-9-19#
8-200-10-0#8-201-10-1#8-202-10-2#8-203-10-3#8-204-10-4#8-205-10-5#8-206-10-6#8-207-10-7#8-208-10-8#8-209-10-9#8-210-10-10#8-211-10-11#8-212-10-12#8-213-10-13#8-214-10-14#8-215-10-15#8-216-10-16#8-217-10-17#8-218-10-18#8-219-10-19#
8-220-11-0#8-221-11-1#8-222-11-2#8-223-11-3#8-224-11-4#8-225-11-5#8-226-11-6#8-227-11-7#8-228-11-8#8-229-11-9#8-230-11-10#8-231-11-11#8-232-11-12#8-233-11-13#8-234-11-14#8-235-11-15#8-236-11-16#8-237-11-17#8-238-11-18#8-239-11-19#
8-240-12-0#8-241-12-1#8-242-12-2#8-243-12-3#8-244-12-4#8-245-12-5#8-246-12-6#8-247-12-7#8-248-12-8#8-249-12-9#8-250-12-10#8-251-12-11#8-252-12-12#8-253-12-13#8-254-12-14#8-255-12-15#8-256-12-16#8-257-12-17#8-258-12-18#8-259-12-19#
8-260-13-0#8-261-13-1#8-262-13-2#8-263-13-3#8-264-13-4#8-265-13-5#8-266-13-6#8-267-13-7#8-268-13-8#8-269-13-9#8-270-13-10#8-271-13-11#8-272-13-12#8-273-13-13#8-274-13-14#8-275-13-15#8-276-13-16#8-277-13-17#8-278-13-18#8-279-13-19#
8-280-14-0#8-281-14-1#8-282-14-2#8-283-14-3#8-284-14-4#8-285-14-5#8-286-14-6#8-287-14-7#8-288-14-8#8-289-14-9#8-290-14-10#8-291-14-11#8-292-14-12#8-293-14-13#8-294-14-14#8-295-14-15#8-296-14-16#8-297-14-17#8-298-14-18#8-299-14-19#
8-300-15-0#8-301-15-1#8-302-15-2#8-303-15-3#8-304-15-4#8-305-15-5#8-306-15-6#8-307-15-7#8-308-15-8#8-309-15-9#8-310-15-10#8-311-15-11#8-312-15-12#8-313-15-13#8-314-15-14#8-315-15-15#8-316-15-16#8-317-15-17#8-318-15-18#8-319-15-19#
8-320-16-0#8-321-16-1#8-322-16-2#8-323-16-3#8-324-16-4#8-325-16-5#8-326-16-6#8-327-16-7#8-328-16-8#8-329-16-9#8-330-16-10#8-331-16-11#8-332-16-12#8-333-16-13#8-334-16-14#8-335-16-15#8-336-16-16#8-337-16-17#8-338-16-18#8-339-16-19#
8-340-17-0#8-341-17-1#8-342-17-2#8-343-17-3#8-344-17-4#8-345-17-5#8-346-17-6#8-347-17-7#8-348-17-8#8-349-17-9#8-350-17-10#8-351-17-11#8-352-17-12#8-353-17-13#8-354-17-14#8-355-17-15#8-356-17-16#8-357-17-17#8-358-17-18#8-359-17-19#
8-360-18-0#8-361-18-1#8-362-18-2#8-363-18-3#8-364-18-4#8-365-18-5#8-366-18-6#8-367-18-7#8-368-18-8#8-369-18-9#8-370-18-10#8-371-18-11#8-372-18-12#8-373-18-13#8-374-18-14#8-375-18-15#8-376-18-16#8-377-18-17#8-378-18-18#8-379-18-19#
8-380-19-0#8-381-19-1#8-382-19-2#8-383-19-3#8-384-19-4#8-385-19-5#8-386-19-6#8-387-19-7#8-388-19-8#8-389-19-9#8-390-19-10#8-391-19-11#8-392-19-12#8-393-19-13#8-394-19-14#8-395-19-15#8-396-19-16#8-397-19-17#8-398-19-18#8-399-19-19#

@
11111111111111111111
11111111111111111111
11111111111111111111
10011111111111111111
10001111111111110001
10001111111111110001
10001111111111110001
10001111111111110001
10001111111111110001
10001111111111110001
10001111111111110001
10000000000000000001
11000000000000000111
11000000000000000111
11110000000000001111
11110000000000001111
11110000000000001111
11111111100111111111
11111111100111111111
11111111100111111111
@
0 1 2 3 4 5 6 7 8 9 10 11 12 13 14 15 16 17 18 19#
20 21 22 23 24 25 26 27 28 29 30 31 32 33 34 35 36 37 38 39#
40 41 42 43 44 45 46 47 48 49 50 51 52 53 54 55 56 57 58 59#
60 61 62 63 64 65 66 67 68 69 70 71 72 73 74 75 76 77 78 79#
80 81 82 83 84 85 86 87 88 89 90 91 92 93 94 95 96 97 98 99#
100 101 102 103 104 105 106 107 108 109 110 111 112 113 114 115 116 117 118 119#
120 121 122 123 124 125 126 127 128 129 130 131 132 133 134 135 136 137 138 139#
140 141 142 143 144 145 146 147 148 149 150 151 152 153 154 155 156 157 158 159#
160 161 162 163 164 165 166 167 168 169 170 171 172 173 174 175 176 177 178 179#
180 181 182 183 184 185 186 187 188 189 190 191 192 193 194 195 196 197 198 199#
200 201 202 203 204 205 206 207 208 209 210 211 212 213 214 215 216 217 218 219#
220 221 222 223 224 225 226 227 228 229 230 231 232 233 234 235 236 237 238 239#
240 241 242 243 244 245 246 247 248 249 250 251 252 253 254 255 256 257 258 259#
260 261 262 263 264 265 266 267 268 269 270 271 272 273 274 275 276 277 278 279#
280 281 282 283 284 285 286 287 288 289 290 291 292 293 294 295 296 297 298 299#
300 301 302 303 304 305 306 307 308 309 310 311 312 313 314 315 316 317 318 319#
320 321 322 323 324 325 326 327 328 329 330 331 332 333 334 335 336 337 338 339#
340 341 342 343 344 345 346 347 348 349 350 351 352 353 354 355 356 357 358 359#
360 361 362 363 364 365 366 367 368 369 370 371 372 373 374 375 376 377 378 379#
380 381 382 383 384 385 386 387 388 389 390 391 392 393 394 395 396 397 398 399
@
10-18
@
2-3-m4
@
no
@
no